27844
27848
28895
32785
32788
32789
32791
35932
35933
35935
37855
39090
39133
39134
39135
39136
39151
39161
39268
39269
39270
39417
39423
39430
39436
39440
39441
39444
39446
40020
40021
40024
40025
40032
40037
40039
40042
40043
40045
40046
40074
40119
40378
40379
40380
40926
40928
40936
41168
41170
41171
41340
41459
41460
41463
41619
41788
41789
41849
41850
41851
41852
41853
41854
41855
41932
41933
41935
41954
41999
42000
42015
42016
42017
42700
42704
42705
42706
42707
42708
42711
42712
42713
42714
42715
42717
42718
42721
42722
42723
42725
42726
42727
42731
42732
42733
42734
42736
42765
42768
42775
42776
42777
42783
42784
42785
42786
42787
42788
42789
42790
42792
42793
42794
42820
42822
42823
42824
42846
42847
42903
43015
43020
43021
43026
43027
43042
43043
43044
43049
43050
43052
43118
43131
43196
43197
43466
43467
43468
